
armenian_region = {
	418 419
	1442 1444 1445
	2551 2581
}


azerbaijani_region = {
	416 424 463
	1315 1317 1318 1321
	2219 2577
}


family_one = {
	151 
	316 317 318 319 320 321 322 323 324 325 326 327 328 329 330 331 
	1247 
	1325 1326 
	1333 
	1402 
	1435 
	1437 1438 1439 1440 1441 1442 1443 
	1446 1447 
	2238 
	2540 2541 2542 
	2551 2552 2553 
	2572 
	2574 
	2664 
	2750 
}


central_asia = {
	386 387 
	390 
	392 
	405 
	412 413 414 
	417 
	426 
	429 430 431 432 433 434 435 436 437 438 439 440 441 442 443 444 445 446 447 448 449 450 451 452 453 454 455 456 457 458 459 
	462 463 464 
	468 
	476 477 
	508 
	551 
	575 576 577 578 
	1313 1314 1315 
	1322 
	2114 
	2220 2221 2222 2223 
	2225 
	2227 2228 2229 
	2231 2232 
	2235 
	2724 2725 2726 
}


roumania = {
	158 159 160 161 
	1269 
	1398 
	1400 
	1405 
	2236 
	2375 2376 2377 2378 2379 2380 
	2626 
}


kansai_region = {
	1033 
	2279 2280 2281 2282 2283 
}


ireland = {
	372 373 374 375 376 
}


anatolia = {
	316 317 318 319 320 321 322 323 324 325 326 327 328 329 330 331 
	1325 1326 
	1333 
	1435 
	1437 1438 1439 1440 1441 1442 1443 
	1446 1447 
	2540 2541 2542 
	2552 2553 
	2572 
	2574 
	2664 
	2750 
}


north_sea_coast = {
	6 
	12 13 14 15 16 17 18 
	20 21 22 23 24 
	26 
	67 
	235 236 
	238 
	240 
	243 
	245 246 
	248 249 250 251 252 253 
	369 370 371 
	399 
	409 
	1250 1251 
	1255 1256 
	1266 
	1283 
	1416 1417 
	1428 
	1514 
	2386 
	2754 2755 
}


circuit_italian = {
	103 104 
	106 107 108 109 
	111 
	113 
	115 116 117 
	1345 1346 1347 1348 
	1376 1377 1378 
	1380 
	1415 
	2563 2564 
}


pawnee_nation = {
	894 895 
	898 899 900 901 902 903 
	1460 
	2195 
}


family_four = {
	41 42 43 
	68 
	88 89 
	101 
	104 
	109 
	120 121 122 123 124 125 126 127 
	142 
	144 145 146 147 
	149 
	154 
	159 160 161 
	163 164 
	167 168 
	182 183 
	186 187 188 189 
	191 192 193 
	198 
	208 209 
	214 215 216 217 218 219 220 221 222 223 224 225 226 227 
	229 230 
	254 255 256 257 258 259 
	261 262 263 
	271 
	296 
	333 
	1269 
	1279 
	1281 
	1284 1285 
	1335 
	1345 1346 1347 
	1377 
	1386 1387 
	1391 
	1395 
	1399 1400 
	1403 
	1407 1408 
	1413 
	1422 1423 
	1425 
	1429 
	1434 
	1436 
	1508 
	1513 
	1531 
	2236 
	2240 2241 2242 
	2307 2308 
	2310 2311 2312 2313 2314 
	2330 2331 2332 
	2353 2354 2355 2356 2357 2358 
	2365 2366 
	2371 2372 
	2375 
	2377 2378 2379 2380 
	2387 
	2398 2399 2400 2401 
	2531 2532 2533 2534 2535 2536 
	2562 
	2565 2566 2567 
	2626 
	2749 
}


australian_coast = {
	799 
	805 
	810 
	817 
	1084 1085 1086 1087 
	1090 1091 1092 1093 1094 
	1342 
	2123 2124 
	2126 2127 2128 2129 2130 2131 2132 2133 2134 2135 2136 2137 2138 2139 
}


indonesian_region = {
	407 
	420 
	574 
	617 618 619 620 621 622 623 624 625 626 627 628 629 630 631 632 633 634 635 636 637 638 639 640 641 642 643 644 645 646 647 648 649 
	651 652 653 654 655 656 657 658 659 
	714 
	716 
	738 
	773 
	777 
	907 
	1042 
	1234 
	1237 
	1245 
	1642 
	2088 2089 2090 2091 2092 2093 2094 2095 2096 2097 2098 2099 2100 2101 2102 2103 2104 2105 2106 2107 2108 2109 2110 2111 
	2213 2214 2215 2216 2217 
	2430 2431 2432 2433 2434 
	2585 2586 
}


thrace_area = {
	151 
	1402 
	2238 
}


plantagenet_demesne = {
	167 168 169 170 171 172 173 174 175 176 177 178 179 180 
	194 195 
	199 
	233 234 235 236 237 238 239 240 241 242 243 244 245 246 247 
	357 
	399 
	409 
	427 
	1283 
	1381 
	1385 1386 
	1388 
	1410 1411 1412 
	2234 
	2239 2240 
	2329 2330 
	2386 
}


caribbean = {
	481 482 483 484 485 486 487 488 489 490 491 492 493 494 495 496 497 498 499 500 501 502 
	1536 1537 1538 1539 1540 
	2591 2592 2593 2594 2595 2596 
}


amazonia = {
	742 
	748 749 750 751 752 753 754 755 756 757 758 759 760 761 762 763 764 765 766 767 768 769 
	828 
	1483 1484 1485 
	2071 2072 2073 2074 2075 2076 2077 2078 2079 2080 2081 2082 2083 2084 2085 2086 2087 
	2752 
}


chinese_coast = {
	673 674 675 676 677 678 679 680 
	692 
	694 
	696 697 
	705 706 
	724 
	1041 
	1046 
	1053 
	1068 
	2117 
	2121 
	2248 2249 
	2272 
	2607 
}


family_five = {
	1 2 3 4 5 6 7 8 9 10 11 
	16 
	18 
	20 
	22 23 
	25 26 27 
	36 37 38 39 40 
	43 44 45 46 47 48 49 50 51 52 53 54 55 56 57 58 59 60 61 62 63 64 65 66 
	69 70 71 72 73 74 75 76 77 78 79 80 81 82 83 84 85 86 87 
	90 91 92 93 94 95 96 
	99 100 
	107 108 
	111 112 
	128 129 
	132 133 134 
	165 166 
	170 
	172 173 174 175 176 
	179 180 181 
	184 185 
	187 188 189 
	194 195 196 197 
	200 
	202 203 204 205 206 207 
	210 211 212 213 
	231 232 233 
	241 242 
	244 
	249 
	252 253 
	260 
	264 265 266 267 268 269 270 
	272 273 274 275 276 
	280 
	283 
	289 
	293 
	297 298 299 
	305 
	310 311 
	333 
	357 
	369 370 371 372 373 374 375 376 
	381 
	391 
	409 
	427 
	1250 1251 1252 1253 1254 1255 1256 1257 1258 1259 1260 
	1263 1264 1265 1266 
	1272 
	1274 
	1276 1277 1278 
	1280 
	1289 
	1323 
	1348 1349 1350 1351 1352 1353 1354 1355 1356 1357 1358 1359 1360 1361 1362 1363 1364 1365 1366 1367 1368 1369 1370 
	1372 1373 1374 1375 
	1381 1382 1383 1384 1385 
	1389 1390 
	1393 1394 
	1409 
	1412 
	1417 
	1420 1421 
	1430 
	1432 1433 
	1448 
	1509 1510 1511 1512 
	1514 
	2234 
	2239 
	2334 2335 
	2353 
	2355 
	2358 2359 2360 
	2362 2363 2364 
	2367 2368 2369 
	2383 2384 2385 
	2436 
	2537 
	2550 
	2561 
	2611 
	2614 2615 2616 2617 2618 2619 2620 2621 2622 2623 2624 2625 
	2633 
	2637 
	2756 2757 
}


lenape_nation = {
	916 
	939 
	961 962 963 964 965 966 967 
	969 
	1452 
	2177 2178 
}


western_america = {
	865 866 867 868 869 870 871 872 873 874 875 876 877 878 
	972 973 974 975 976 977 978 979 
	1464 1465 1466 
	1530 
	1733 
	1735 
	1821 1822 1823 1824 
	2167 
	2184 2185 2186 2187 2188 2189 2190 2191 2192 2193 2194 
	2199 
}


jagellonian_empire = {
	36 37 38 39 40 41 42 43 
	133 
	135 
	152 153 
	158 
	162 
	254 255 256 257 258 259 260 261 262 263 
	265 266 267 268 269 270 271 272 273 
	275 276 
	280 
	283 
	289 
	293 
	296 297 298 299 
	305 
	311 
	381 
	1263 1264 1265 
	1267 
	1270 1271 1272 1273 1274 1275 1276 1277 1278 1279 1280 1281 1282 
	1354 
	1359 
	1391 
	1393 1394 1395 
	1404 1405 1406 
	1429 1430 
	1432 1433 
	1450 
	1531 
	2275 
	2355 
	2375 
	2390 
	2398 2399 2400 2401 
	2436 
	2535 2536 2537 
	2561 
	2633 
}


new_saxony = {
	52 
	59 60 
	71 
	84 
	1350 
	1373 
	2617 2618 2619 2620 
}


aquitania = {
	172 173 174 175 176 
	180 
	194 
	357 
	1381 
	1384 
	2239 
}


cree_nation = {
	908 909 910 
	1002 
	1004 1005 1006 1007 1008 
	1010 1011 
	2159 2160 2161 2162 
	2168 2169 2170 
}


caucasus_caspian = {
	282 
	285 286 287 
	302 303 
	386 
	405 
	417 
	422 423 424 425 426 
	438 439 
	441 
	443 
	462 
	1081 
	1083 
	1287 
	1293 
	1297 1298 1299 1300 1301 1302 1303 1304 
	1309 1310 
	1312 
	1317 1318 
	1344 
	1449 
	2274 
	2443 2444 
	2549 
	2573 
	2576 2577 2578 2579 
	2656 
}


mascarene_islands = {
	1100 1101 1102 1103 
}


crimea_region = {
	282 
	285 286 
	300 
	302 
	304 
	1286 1287 
	1298 1299 
	1344 
	1431 
	2274 
	2573 
}


al_andalus = {
	181 
	217 218 219 220 221 222 223 224 225 226 227 228 
	230 
	1284 
	1407 1408 
	1423 
	2309 2310 2311 2312 
	2314 
	2371 
	2565 
	2567 
}


normandy = {
	167 168 
	1386 
	2240 
	2330 
}


chiwbe_nation = {
	899 
	917 918 
	920 
	942 
	1460 
	1462 
	1494 
}


swabia = {
	69 
	74 75 
	77 
	80 
	82 
	1349 
	1356 
	1358 
	2614 2615 
	2622 
}


kingdom_of_lothar = {
	51 
	68 
	75 
	87 
	90 91 92 93 94 95 96 97 98 99 100 
	185 
	187 188 189 
	193 
	201 202 203 204 205 
	1253 
	1356 
	1363 
	1368 
	1370 1371 1372 
	1374 
	1382 
	1389 
	1511 1512 
	2331 
	2334 2335 
	2360 
	2363 2364 
	2366 2367 
	2370 
	2385 
}


sioux_nation = {
	903 
	905 906 
	908 
	910 911 912 913 914 915 
	917 
	1008 
	1493 1494 
	2169 2170 2171 2172 
	2195 
}


occitania = {
	102 
	172 173 174 175 176 
	179 180 
	190 
	194 
	196 197 
	199 200 201 202 203 204 205 
	357 
	1323 
	1375 1376 
	1381 1382 1383 1384 1385 
	1512 
	2234 
	2239 
	2334 2335 
	2361 
	2385 
}


umbria_marcha_region = {
	105 
	1379 
	1414 
}


lowlands = {
	246 
	248 249 
	409 
	1416 
	1514 
}


inuit_nation = {
	991 
	998 999 
	1104 
	1336 1337 
	1517 
}


japanese_region = {
	1012 1013 1014 1015 1016 1017 1018 1019 1020 1021 1022 1023 1024 1025 1026 1027 1028 1029 1030 1031 1032 1033 
	2277 
	2279 2280 2281 2282 2283 2284 2285 2286 2287 2288 2289 2290 2291 2292 2293 2294 2295 2296 2297 2298 2299 2300 2301 2302 
	2435 
	2744 
}


lowlands_region = {
	87 
	90 91 92 93 94 95 96 97 98 99 100 
	1253 
	1371 1372 
	1511 
	2360 
	2363 2364 
	2367 
	2370 
}


venezuela = {
	491 
	741 
	743 744 745 746 747 
	825 
	828 829 830 831 
	1479 1480 1481 1482 
	1490 
	2083 
}


circuit_burgundian = {
	91 92 
	94 95 96 97 98 99 
	193 
	1371 1372 
	1511 
	2331 
	2353 
	2360 
	2364 
	2366 2367 
	2370 
}


nahuatl_nation = {
	847 
	849 850 851 852 
	854 
	856 
	1468 
	1470 1471 
	1711 
	2200 2201 2202 2203 2204 
	2402 2403 2404 2405 2406 2407 2408 2409 2410 
	2597 
	2641 2642 2643 2644 2645 
}


england_south_coast = {
	233 234 235 
	1410 1411 
}


circuit_middle_rhine = {
	58 
	80 
	85 
	1361 1362 1363 
	1365 
	1367 1368 
	2637 
}


bavaria = {
	64 65 
	70 
	81 82 
	1351 
	1361 
	1509 
	2614 
}


louisianne = {
	892 893 
	895 
	899 900 901 902 903 
	905 906 
	911 912 913 914 915 
	917 918 919 920 921 922 
	925 
	928 
	934 935 
	937 
	941 942 943 944 945 946 947 948 949 
	951 
	957 958 
	1419 
	1454 1455 
	1457 
	1460 
	1462 
	1493 1494 
	1663 
	1697 
	2171 2172 2173 
	2181 
	2195 
}


pacific_ocean_islands = {
	506 
	650 
	822 
	979 
	1106 1107 1108 1109 
	1230 1231 1232 1233 
	1235 1236 
	1238 1239 1240 1241 1242 1243 1244 
	1246 
	1249 
	1341 
	1530 
	2151 
	2192 
	2587 2588 
	2590 
	2608 
	2610 
}


peru = {
	798 
	804 
	806 807 808 809 
	811 812 813 814 815 816 
	818 819 820 
	1491 
	2066 2067 2068 2069 
	2338 2339 2340 
}


greenland_region = {
	370 371 
	1104 
	1250 1251 
}


croatia = {
	129 130 131 
	136 
	152 
	1268 
	1403 
	1450 
	2384 
	2388 2389 2390 
	2571 
}


ojibwa_nation = {
	911 912 
	914 
	937 
	943 944 945 946 947 948 
	957 
	1008 
	1493 
}


belarus = {
	275 
	289 
	293 
	297 298 
	311 
	381 
	1289 
	1393 1394 1395 
}


hungary = {
	133 
	135 
	152 153 
	158 
	162 
	1267 
	1270 1271 1272 1273 1274 1275 1276 
	1282 
	1404 1405 1406 
	1450 
	2275 
	2375 
	2390 
	2436 
}


northern_america = {			#modified
	873 874 890 906 908 909 910 911 912 939 940 945 946 947 948 
	955 957 959 960 964 965 966 967 968 969 970 971 972 973 974 975 976 977 978 979 
	980 981 982 983 984 985 986 987 988 989 990 991 992 993 994 995 996 997 998 999 
	1000 1001 1002 1003 1004 1005 1006 1007 1008 1009 1010 1011 
	1336 1337 1458 1489 1517 1530 
	2159 2160 2161 2162 2168 2169 2170 2171 2172 2177 2179 2180 
	2182 2183 2185 2186 2187 2188 2189 2190 2191 2192 2193 2194 2196 2197 2198 
	2671 
}


west_africa = {
	342 
	345 
	348 
	1096 
	1105 
	1110 
	1111 1112 1113 1114 1115 1116 1117 1118 1119 1120 1121 1122 1123 1124 1125 1126 1127 1128 1129 1130 1131 1132 1133 1134 1135 
	1137 
	1149 
	1220 1221 1222 
	1229 
	1495 1496 1497 1498 1499 
	1500 
	1501 1502 1503 
	1525 
	1541 1542 1543 1544 1545 1546 
	1549 1550 1551 1552 1553 1554 1555 1556 
	1559 1560 1561 
	1563 
	2218 
	2316 
	2758 2759 2760 2761 2762 2763 2764 2765 2766 2767 2768 2769 2770 2771 2772 2773 2774 2775 2776 2777 2778 2779 2780 2781 
	2786 2787 2788 2789 2790 
	2792 2793 2794 
}


the_mississippi_region = {
	893 
	906 
	908 
	910 911 912 913 914 915 
	917 918 
	920 921 922 
	925 
	928 
	934 935 
	937 
	941 942 943 944 
	948 949 
	957 
	1008 
	1455 
	1457 
	1462 
	1493 1494 
	1697 
	2169 2170 
	2172 2173 
}


chubu_region = {
	2277 
	2286 2287 2288 
	2290 
}


leon = {
	182 
	206 207 208 
	216 
	218 
}


tuscany_region = {
	115 116 117 
	1380 
	1415 
	2563 2564 
}


austria = {
	62 
	73 
	76 
	83 
	110 
	128 129 
	132 
	134 
	1355 
	1510 
	2383 2384 
	2625 
}


westphalian_region = {
	49 
	51 
	53 54 55 56 
	61 
	66 
	79 
	86 
	100 
	1350 
	1352 1353 
	1357 
	1364 
	1367 
	1369 
	2616 
}


norway = {
	16 17 
	20 21 22 23 24 
	1255 
	1266 
}


atlantic_ocean_islands = {
	366 367 368 369 370 371 
	481 482 483 
	485 486 
	488 489 490 
	492 493 494 495 496 497 498 499 500 501 502 
	890 
	980 981 982 983 
	1095 1096 
	1098 
	1138 
	1250 1251 
	1417 
	1536 1537 1538 1539 
	2593 2594 2595 2596 
	2609 
	2751 
}


south_america_region = {
	741 742 743 744 745 746 747 748 749 750 751 752 753 754 755 756 757 758 759 760 761 762 763 764 765 766 767 768 769 770 771 772 
	774 775 776 
	778 779 780 781 782 783 784 785 786 787 788 789 790 791 792 793 794 795 796 797 798 
	800 801 802 803 804 
	806 807 808 809 
	811 812 813 814 815 816 
	818 819 820 821 
	823 824 825 826 827 828 829 830 831 832 833 
	1095 
	1475 1476 1477 1478 1479 1480 1481 1482 1483 1484 1485 1486 1487 1488 
	1490 1491 
	2065 2066 2067 2068 2069 2070 2071 2072 2073 2074 2075 2076 2077 2078 2079 2080 2081 2082 2083 2084 2085 2086 2087 
	2165 
	2338 2339 2340 2341 2342 2343 2344 2345 2346 2347 2348 2349 2350 2351 
	2752 
}


cape_of_good_hope = {
	1712 
	2037 2038 
}


tobacco_area = {
	916 924 925 930 931 932 933 934 935 936 938 939 942 943 949 950
	952 953 954 961 962 963 964 965 966 967 969
	1451 1452 1453 1454 1462
	2175 2176 2177 2178 
}


circuit_austrian = {
	62 
	69 
	73 
	83 
	110 
	128 129 
	132 
	134 
	1355 1356 
	1510 
	2383 2384 
	2625 
}


african_islands = {
	366 
	368 
	1096 
	1098 1099 1100 
	1102 1103 
	1138 
	1185 
	1188 
	1226 1227 1228 
	1518 1519 
	1521 
	1527 1528 
	2751 
}


lithuania = {
	36 37 38 39 
	261 
	271 272 273 
	275 276 
	280 
	283 
	289 
	296 297 298 299 
	305 
	311 
	381 
	1263 1264 1265 
	1280 1281 
	1354 
	1393 1394 1395 
	1429 1430 
	1432 1433 
}


mecklemburg = {
	45 46 
	57 
}


two_sicilies = {
	119 120 121 122 123 124 125 126 
	1285 
	1413 
	2357 
	2531 2532 2533 2534 
	2562 
}


korean_region = {
	730 
	732 733 734 735 736 737 
	2233 
	2276 
	2278 
	2328 
}


kanto_region = {
	2289 
	2292 2293 2294 
}


chugoku_region = {
	1021 
	1026 1027 1028 1029 1030 1031 1032 
}


lombardia = {
	104 
	1345 1346 1347 
	1390 
	2624 
}


central_america = {
	834 835 836 837 838 839 840 841 842 843 844 
	1473 
	2208 2209 
	2416 
	2604 
	2646 
}


tlingit_nation = {
	870 
	872 873 874 875 
	972 973 974 975 
	2184 2185 2186 2187 2188 
}


oceanian = {
	650 
	714 
	773 
	777 
	799 
	805 
	810 
	817 
	822 
	1084 1085 1086 1087 1088 1089 1090 1091 1092 1093 1094 
	1106 1107 1108 1109 
	1230 1231 1232 1233 1234 1235 1236 1237 1238 1239 
	1241 1242 
	1245 1246 
	1249 
	1342 
	2088 
	2123 2124 2125 2126 2127 2128 2129 2130 2131 2132 2133 2134 2135 2136 2137 2138 2139 2140 2141 2142 2143 2144 2145 2146 2147 2148 2149 2150 
	2164 
	2585 
	2587 2588 2589 2590 
	2610 
}


australia = {
	799 
	805 
	810 
	817 
	1084 1085 1086 1087 1088 1089 1090 1091 1092 1093 1094 
	1342 
	2123 2124 2125 2126 2127 2128 2129 2130 2131 2132 2133 2134 2135 2136 2137 2138 2139 2140 2141 2142 2143 2144 2145 2146 2147 2148 2149 2150 
	2164 
}


pomerania = {
	43 
	47 48 
	2355 
}


steppes = {
	281 
	286 287 
	303 304 
	313 
	1076 
	1080 1081 1082 1083 
	1287 
	1293 1294 1295 1296 1297 1298 1299 
	1302 1303 1304 
	1306 1307 1308 1309 1310 1311 1312 
	1343 
	2437 2438 2439 2440 
	2443 2444 
	2548 
	2656 
}


ToT_brazil = {
	742 
	745 746 747 748 749 750 751 752 753 754 755 756 757 758 759 760 761 762 763 764 765 766 767 768 769 770 771 772 
	1482 1483 1484 1485 1486 
	2071 2072 2073 2074 2075 2076 
	2752 
}


andean = {
	782 783 784 
	787 
	792 793 
	795 796 797 798 
	804 
	806 807 808 809 
	811 812 813 814 815 816 
	818 819 820 
	824 
	1491 
	2066 2067 2068 2069 2070 
	2338 2339 2340 2341 2342 2343 2344 2345 2346 2347 2348 2349 2350 2351 
}


finland = {
	19 
	27 28 29 30 31 32 33 
	35 
	1261 1262 
	2327 
}


family_three = {
	12 13 14 15 
	17 
	21 
	24 
	67 
	97 98 
	169 
	171 
	177 178 
	234 235 236 237 238 239 240 
	243 
	245 246 247 248 
	250 251 
	372 373 374 375 376 
	399 
	1283 
	1371 
	1388 
	1410 1411 
	1416 
	1428 
	2329 
	2370 
	2386 
	2754 2755 
}


wielkopolska = {
	41 42 43 
	254 255 256 257 
	263 
	1391 
	1531 
	2355 
	2398 2399 2400 2401 
}


iroquois_nation = {
	904 
	940 
	954 955 956 
	959 960 
	968 969 970 
	1459 
	2179 2180 
	2671 
}


chichimeca_nation = {
	855 856 857 
	859 860 
	862 
	864 
	879 880 
	1467 
	1469 
	1711 
	1734 
	2640 2641 2642 
}


eastasian_trade_ports = {
	407 
	503 
	507 
	515 
	529 
	531 532 533 534 535 536 537 538 
	542 
	553 
	560 561 
	563 
	568 
	572 573 
	579 
	585 586 
	590 591 592 593 594 595 596 597 598 599 
	603 604 605 606 607 
	610 
	613 
	617 618 619 620 621 622 623 624 625 626 627 628 629 630 
	636 637 638 639 640 
	659 
	673 
	675 676 677 678 679 680 
	692 
	694 
	738 
	1046 
	1053 
	2089 2090 2091 2092 2093 2094 2095 2096 2097 
	2104 2105 2106 2107 2108 2109 2110 2111 
	2117 
	2121 
	2245 
	2272 
	2306 
	2317 2318 
	2336 2337 
	2394 
	2396 2397 
	2417 2418 2419 2420 
	2426 
	2568 2569 2570 
	2627 2628 2629 2630 
	2668 
	2672 2673 
	2711 2712 2713 
	2734 2735 2736 2737 2738 
}


yupik_nation = {
	976 977 978 979 
	2189 2190 2191 2192 2193 2194 
}


circuit_lower_saxon = {
	44 45 46 
	49 
	52 53 54 55 
	57 
	61 
	1252 
	1352 1353 
	1357 
	1364 
	1369 
	1373 
}


central_africa = {
	1098 
	1136 
	1138 1139 1140 1141 1142 1143 1144 1145 1146 
	1150 1151 1152 1153 1154 1155 
	1157 
	1178 1179 
	1182 1183 
	1192 
	1223 
	1225 
	1504 1505 
	1557 1558 
	1562 
	1578 1579 
	2791 
}


italian_region = {
	68 
	101 102 103 104 105 106 107 108 109 110 111 112 113 114 115 116 117 118 
	127 
	1247 
	1345 1346 1347 1348 
	1376 1377 1378 1379 1380 
	1390 
	1414 1415 
	1513 
	2241 2242 
	2530 
	2563 2564 
	2611 
	2624 
}


north_africa = {
	334 335 336 337 338 339 340 341 
	343 344 
	346 347 
	349 350 351 
	353 354 355 356 
	358 359 360 361 362 363 
	366 
	368 
	1208 
	1210 1211 1212 1213 1214 
	1338 1339 1340 
	1500 
	1515 1516 
	1522 1523 1524 
	1526 
	1532 1533 1534 1535 
	1547 1548 
	1585 
	2315 
	2498 2499 
	2543 2544 
	2649 2650 
	2657 2658 2659 
	2661 2662 2663 
	2666 2667 
	2751 
}


manchuria = {
	713 
	719 720 721 
	723 
	725 726 727 728 729 
	731 
	1047 1048 1049 1050 
	1052 
	1058 
	2248 2249 
	2266 
}


south_africa = {
	1156 
	1158 1159 1160 1161 1162 1163 1164 1165 1166 1167 1168 1169 1170 1171 1172 1173 1174 1175 1176 1177 
	1184 
	1506 
	1580 1581 1582 1583 1584 
	1586 
}


nogaikhan = {
	439 
	462 
	1076 
	1080 1081 1082 1083 
	1306 
	1311 
	2438 
}


western_balkans = {
	129 130 131 
	136 137 138 139 140 141 
	152 
	156 
	1268 
	1392 
	1396 1397 
	1403 
	1450 
	2237 
	2384 
	2388 2389 2390 2391 2392 
	2571 
	2612 
}


circuit_bavarian = {
	64 65 
	76 
	1351 
	1509 
}


eastern_siberia = {
	1034 1035 1036 1037 1038 1039 1040 
	1042 1043 1044 1045 
	1051 
	1054 1055 1056 
	1059 1060 
	1062 1063 1064 
	2155 2156 2157 2158 
}


highlands = {
	250 251 252 253 
	369 
	1417 
}


caddo_nation = {
	884 
	888 
	892 893 
	921 
	928 
	1418 1419 
	1455 
	1457 
	1663 
}


northwest_america = {
	869 870 871 872 873 874 875 876 
	878 
	972 973 974 975 976 977 978 979 
	1464 1465 
	1735 
	1821 1822 1823 1824 
	2184 2185 2186 2187 2188 2189 2190 2191 2192 2193 2194 
}


aragon = {
	181 
	197 
	211 212 213 214 
	220 
	333 
	1284 
	1408 
	1420 
	2358 
	2368 2369 
	2565 
}


celtic_region = {
	169 170 171 
	233 
	241 242 
	246 
	248 249 250 251 252 253 
	369 
	372 373 374 375 376 
	409 
	1388 
	1411 1412 
	1416 1417 
	1514 
	2329 
}


shoshone_nation = {
	869 870 871 872 
	875 876 
	878 
	1464 1465 
	1735 
	1821 1822 1823 1824 
	2184 
}


the_spanish_main = {
	741 
	743 
	827 
	829 
	831 
	835 836 
	838 
	842 843 
	845 846 
	848 
	853 
	858 
	884 
	892 
	921 
	926 927 928 929 
	1455 1456 
	1463 
	1473 1474 
	1481 
	1709 1710 
	2165 
	2173 2174 
	2209 
	2411 
	2413 2414 2415 2416 
	2598 
	2643 2644 
	2647 
}


bulgaria = {
	150 
	157 
	159 
	1426 1427 
	2381 2382 
}


scandinavian_region = {
	1 2 3 4 5 6 7 8 9 10 11 12 13 14 15 16 17 18 19 20 21 22 23 24 25 26 27 28 29 30 31 32 33 
	35 
	67 
	891 
	1255 1256 1257 1258 1259 1260 1261 1262 
	1266 
	1428 
	2327 
	2754 2755 
}


eastern_america = {
	890 
	904 
	916 
	923 924 925 926 927 
	929 930 931 932 933 
	935 936 
	938 939 940 941 942 943 944 945 946 
	949 950 951 952 953 954 955 956 
	958 959 960 961 962 963 964 965 966 967 968 969 970 971 
	980 981 982 983 984 985 986 987 988 989 990 991 992 993 994 995 996 997 998 999 1000 1001 
	1003 
	1009 
	1451 1452 1453 1454 
	1456 
	1458 1459 
	1489 
	1517 
	2174 2175 2176 2177 2178 2179 2180 2181 2182 2183 
	2196 2197 2198 
	2671 
}


south_east_asia = {
	352 
	407 408 
	420 
	574 
	579 580 581 582 583 584 585 586 587 588 589 590 591 592 593 594 595 596 597 598 599 600 601 602 603 604 605 606 607 608 609 610 611 612 613 614 615 616 617 618 619 620 621 622 623 624 625 626 627 628 629 630 631 632 633 634 635 636 637 638 639 640 641 642 643 644 645 646 647 648 649 
	651 652 653 654 655 656 657 658 659 660 661 662 
	716 
	738 
	907 
	1042 
	1642 
	2089 2090 2091 2092 2093 2094 2095 2096 2097 2098 2099 2100 2101 2102 2103 2104 2105 2106 2107 2108 2109 2110 2111 
	2213 2214 2215 2216 2217 
	2306 
	2317 2318 2319 2320 2321 2322 2323 2324 2325 2326 
	2393 2394 2395 2396 2397 
	2417 2418 2419 2420 2421 2422 2423 2424 2425 2426 2427 2428 2429 2430 2431 2432 2433 2434 
	2586 
	2668 2669 2670 
	2727 2728 2729 2730 2731 2732 2733 2734 2735 2736 2737 2738 2739 
	2753 
}


shogunate = {
	1015 1016 1017 1018 1019 1020 1021 1022 1023 1024 1025 1026 1027 1028 1029 1030 1031 1032 1033 
	2277 
	2279 2280 2281 2282 2283 2284 2285 2286 2287 2288 2289 2290 2291 2292 2293 2294 2295 2296 2297 2298 2299 
}


portuguese_region = {
	228 229 230 231 232 
	1422 1423 
	1508 
	2308 2309 
}


franconia = {
	58 
	70 
	78 79 
	81 
	1360 1361 1362 
	1365 1366 1367 
	2616 
	2618 
	2756 2757 
}


circuit_upper_saxon = {
	47 48 
	50 
	59 
	66 
	71 72 
	84 
	264 
	1350 
	2617 
	2619 2620 2621 
}


old_saxony = {
	44 
	49 
	53 54 55 56 
	61 
	86 
	1252 
	1352 1353 
	1357 
	1364 
	1369 
}


french_region = {
	63 
	87 88 89 
	167 168 169 170 171 172 173 174 175 176 177 178 179 180 
	183 184 
	186 187 188 189 190 191 192 193 194 195 196 197 
	199 200 201 202 203 204 205 
	357 
	391 
	1323 
	1335 
	1375 
	1381 1382 1383 1384 1385 1386 1387 1388 
	1512 
	2234 
	2239 2240 
	2307 
	2329 2330 2331 2332 
	2335 
	2353 2354 
	2356 
	2361 2362 
	2365 2366 
	2385 
	2550 
}


western_europe = {
	44 45 46 47 48 49 50 51 52 53 54 55 56 57 58 59 60 61 
	63 64 65 66 
	69 70 71 72 
	74 75 76 77 78 79 80 81 82 83 84 85 86 87 88 89 90 91 92 93 94 95 96 97 98 99 100 
	132 
	134 
	167 168 169 170 171 172 173 
	177 178 
	180 
	183 184 
	186 187 188 189 190 191 192 193 
	195 
	264 265 266 267 268 269 270 
	391 
	1252 1253 
	1277 1278 
	1335 
	1349 1350 1351 1352 1353 
	1356 1357 1358 1359 1360 1361 1362 1363 1364 1365 1366 1367 1368 1369 1370 1371 1372 1373 
	1384 
	1386 1387 1388 
	1509 1510 1511 
	2234 
	2239 2240 
	2307 
	2329 2330 2331 2332 
	2353 2354 
	2356 
	2360 
	2362 2363 2364 2365 2366 2367 
	2370 
	2383 
	2561 
	2614 2615 2616 2617 2618 2619 2620 2621 2622 2623 
	2633 
	2637 
	2756 2757 
}


circuit_upper_rhine = {
	75 
	78 79 
	102 
	187 188 189 
	201 
	205 
	1370 
	1512 
	2616 
	2756 2757 
}


nordmark = {
	50 
	60 
	66 
	264 
	1359 
	2561 
	2620 2621 
	2633 
}


gran_colombia = {
	491 
	741 
	743 744 745 746 747 
	792 
	821 
	823 
	825 826 827 
	829 830 831 832 833 
	1475 1476 1477 1478 1479 1480 1481 1482 
	1490 
	2083 
	2165 
}


powhatan_nation = {
	916 
	930 
	933 
	936 
	938 
	950 
	953 954 
	1451 
	2175 2176 
	2178 
}


liguria_piedmont_region = {
	68 
	101 
	103 
	1376 1377 
	1513 
}


cotton_area = {
	481 482 483 484 485 486 487 488 489 490 
	492 493 494 495 496 497 498 499 500 501 502 
	858 
	863 
	884 885 887 888 
	892 893 
	896 897 
	900 
	916 918 919 920 921 922 923 924 925 926 927 928 929 930 931 932 933 934 935 
	936 938 
	950 
	953 954 
	1418 1419 
	1451 
	1453 1455 1456 1457 
	1461 1462 
	1536 1537 1538 1539 1540 
	1663 
	1697 
	2173 2174 2175 2176 
	2181 
	2591 2592 2593 2594 2595 2596 
}


shawnee_nation = {
	941 
	949 
	951 952 
	956 
	958 
	1454 
	1459 
}


bolivia = {
	800 801 802 803 
	2341 2342 2343 2344 2345 
}


quebec = {
	890 
	985 986 
	990 991 992 993 994 995 996 997 998 999 1000 
	1003 
	1009 
	1517 
	2180 
	2196 2197 2198 
}


eastern_north_america = {
	890 
	904 
	916 
	926 927 
	929 930 931 932 933 
	936 
	938 939 940 
	950 
	952 953 954 955 
	959 960 961 962 963 964 965 966 967 968 969 970 971 
	980 981 982 983 984 985 986 
	1451 1452 1453 
	1458 1459 
	2175 2176 2177 2178 2179 2180 
	2182 2183 
	2671 
}


plattean = {
	770 771 772 
	774 775 776 
	778 779 780 781 782 
	785 786 
	788 789 790 791 
	794 
	800 
	1095 
	1486 1487 1488 
	2609 
}


indian_region = {
	420 421 
	503 504 505 
	507 
	509 510 511 512 
	514 515 516 517 518 519 520 521 522 523 524 525 526 527 528 529 530 531 532 533 534 535 536 537 538 539 540 541 542 543 544 545 546 547 548 549 550 
	552 553 554 555 556 557 558 559 560 561 562 563 564 565 566 567 568 569 570 571 572 573 574 
	1101 
	1248 
	1520 
	1587 1588 
	2112 2113 
	2115 2116 
	2163 
	2210 2211 2212 
	2226 
	2243 2244 2245 
	2336 2337 
	2554 2555 2556 2557 2558 
	2568 2569 2570 
	2584 
	2627 2628 2629 2630 2631 2632 
	2672 2673 2674 2675 2676 2677 2678 2679 2680 2681 2682 2683 2684 2685 2686 2687 2688 2689 2690 2691 2692 2693 2694 2695 2696 
	2698 2699 2700 2701 2702 2703 2704 2705 2706 2707 2708 2709 2710 2711 2712 2713 2714 2715 2716 2717 2718 2719 2720 2721 2722 2723 
}


western_siberia = {
	1065 1066 1067 
	1069 1070 1071 
	1073 1074 1075 
	1077 1078 1079 
	1529 
	2152 2153 2154 
	2271 
	2442 
	2445 2446 
}


england_area = {
	233 234 235 236 237 238 239 240 
	243 244 245 246 247 
	399 
	409 
	427 
	1283 
	1410 1411 
	2386 
}


eastern_balkans = {
	140 
	142 143 144 145 146 147 148 149 150 151 
	154 155 156 157 
	159 
	163 164 
	1399 
	1401 1402 
	1424 1425 1426 1427 
	1434 
	1436 
	2237 2238 
	2372 2373 2374 
	2380 2381 2382 
	2387 
	2749 
}


essex = {
	235 236 
	238 
	399 
	2386 
}


poland = {
	40 41 42 43 
	254 255 256 257 258 259 260 
	262 263 
	1279 
	1391 
	1531 
	2355 
	2398 2399 2400 2401 
	2535 2536 2537 
}


apache_nation = {
	880 881 882 883 
	885 886 887 
	889 
	895 896 897 
	899 900 
	919 
	1461 
	2166 
}


pacific = {
	506 
	513 
	650 
	653 654 
	658 
	773 
	777 
	783 784 
	787 
	793 
	795 
	797 
	804 
	806 
	809 
	812 
	816 
	822 823 
	826 
	834 835 836 
	839 
	841 
	844 
	847 
	849 
	851 
	854 
	859 
	864 865 866 
	868 869 
	871 872 
	874 875 
	878 
	972 
	975 
	977 978 979 
	1012 1013 1014 1015 1016 
	1022 
	1024 
	1034 1035 1036 
	1091 1092 1093 1094 
	1097 
	1106 1107 1108 1109 
	1230 1231 1232 1233 
	1235 1236 1237 1238 1239 1240 1241 1242 1243 1244 1245 1246 
	1249 
	1341 
	1466 1467 
	1475 
	1491 
	1530 
	1711 
	1733 
	1735 
	1824 
	2065 2066 
	2070 
	2088 
	2128 2129 2130 2131 2132 2133 
	2151 
	2184 2185 2186 
	2188 2189 2190 2191 2192 2193 
	2205 2206 
	2216 2217 
	2281 2282 
	2287 2288 2289 
	2293 2294 2295 2296 2297 
	2299 2300 
	2302 
	2339 
	2342 
	2346 
	2349 
	2587 2588 2589 2590 
	2604 
	2608 
	2610 
	2640 
	2642 
}


slovakia = {
	1272 
	1274 
	1276 
	1282 
	1406 
}


hre_region = {
	44 45 46 47 48 49 50 51 52 53 54 55 56 57 58 59 60 61 62 
	64 65 66 
	68 69 70 71 72 73 74 75 76 77 78 79 80 81 82 83 84 85 86 87 88 
	90 91 92 93 94 95 96 97 98 99 100 101 102 103 104 
	106 107 108 109 110 111 112 113 
	115 116 117 
	128 129 
	132 
	134 
	165 166 
	185 
	187 188 189 
	193 
	201 
	205 
	264 265 266 267 268 269 270 
	1247 
	1252 1253 1254 
	1277 1278 
	1345 1346 1347 1348 1349 1350 1351 1352 1353 
	1355 1356 1357 1358 1359 1360 1361 1362 1363 1364 1365 1366 1367 1368 1369 1370 1371 1372 1373 1374 
	1376 1377 1378 
	1380 
	1382 
	1389 1390 
	1415 
	1448 
	1509 1510 1511 1512 1513 
	2331 
	2334 
	2353 
	2359 2360 
	2363 2364 
	2366 2367 
	2370 
	2383 2384 
	2561 
	2563 2564 
	2611 
	2614 2615 2616 2617 2618 2619 2620 2621 2622 2623 2624 2625 
	2633 
	2637 
	2756 2757 
}


major_volcanos = {
	124 
	370 371 
	495 
	497 498 499 500 
	506 
	513 
	650 
	653 654 
	658 
	773 
	777 
	782 783 784 
	787 
	793 
	795 
	797 
	804 
	806 
	809 
	811 812 813 
	816 
	819 820 
	823 
	826 
	834 835 836 
	839 840 841 
	844 
	847 
	849 850 851 852 
	854 
	856 
	859 
	862 
	864 865 866 
	868 
	871 872 
	874 875 
	878 
	972 
	975 
	977 978 979 
	1015 1016 1017 1018 1019 1020 
	1022 1023 1024 1025 
	1034 1035 1036 
	1106 1107 
	1230 1231 1232 1233 
	1235 1236 1237 1238 1239 1240 1241 1242 1243 1244 
	1246 
	1341 
	1466 1467 1468 
	1470 1471 
	1475 
	1491 
	1530 
	1711 
	1733 1734 1735 
	1824 
	2065 2066 2067 2068 2069 2070 
	2151 
	2184 2185 2186 
	2188 2189 2190 2191 2192 2193 2194 
	2200 
	2202 2203 2204 2205 2206 2207 
	2216 2217 
	2279 2280 2281 2282 
	2286 2287 2288 2289 2290 
	2292 2293 2294 2295 2296 2297 
	2299 2300 
	2302 
	2339 2340 
	2342 2343 
	2346 
	2349 
	2403 
	2405 2406 2407 2408 2409 2410 
	2531 
	2587 2588 
	2590 
	2594 2595 
	2599 2600 2601 
	2604 
	2608 
	2610 
	2640 2641 2642 
	2645 
}


ToT_west = {
	481 482 483 484 485 486 487 488 489 490 491 492 493 494 495 496 497 498 499 500 501 502 
	741 
	743 744 
	774 775 776 
	778 779 780 781 782 783 784 785 786 787 788 789 790 791 792 793 794 795 796 797 798 
	800 801 802 803 804 
	806 807 808 809 
	811 812 813 814 815 816 
	818 819 820 821 
	823 824 825 826 827 828 829 830 831 832 833 834 835 836 837 838 839 840 841 842 843 844 845 846 847 848 849 850 851 852 853 854 855 856 857 858 859 860 861 862 863 864 865 866 867 868 869 870 871 872 873 874 875 876 877 878 879 880 881 882 883 884 885 886 887 888 889 
	892 893 894 895 896 897 898 899 900 901 902 903 904 905 
	913 914 915 916 917 918 919 920 921 922 923 924 925 926 927 928 929 930 931 932 933 934 935 936 937 938 939 940 941 942 943 944 
	949 950 951 952 953 954 955 956 
	958 959 960 961 962 963 964 965 966 967 
	969 
	972 973 974 975 976 977 978 979 
	1095 
	1418 1419 
	1451 1452 1453 1454 1455 1456 1457 
	1459 1460 1461 1462 1463 1464 1465 1466 1467 1468 1469 1470 1471 1472 1473 1474 1475 1476 1477 1478 1479 1480 1481 
	1487 1488 
	1490 1491 
	1493 1494 
	1530 
	1536 1537 1538 1539 1540 
	1663 
	1697 
	1709 1710 1711 
	1733 1734 1735 
	1821 1822 1823 1824 
	2065 2066 2067 2068 2069 2070 
	2077 2078 2079 2080 2081 2082 2083 2084 2085 2086 2087 
	2165 2166 2167 
	2173 2174 2175 2176 2177 2178 
	2181 
	2184 2185 2186 2187 2188 2189 2190 2191 2192 2193 2194 2195 
	2199 2200 2201 2202 2203 2204 2205 2206 2207 2208 2209 
	2338 2339 2340 2341 2342 2343 2344 2345 2346 2347 2348 2349 2350 2351 
	2402 2403 2404 2405 2406 2407 2408 2409 2410 2411 2412 2413 2414 2415 2416 
	2586 2587 2588 2589 2590 2591 2592 2593 2594 2595 2596 2597 2598 2599 2600 2601 2602 2603 2604 
	2638 2639 2640 2641 2642 2643 2644 2645 2646 2647 2648 
	2671 
}


gallia = {
	63 
	87 88 89 
	91 92 93 
	167 168 
	177 178 
	183 184 
	186 187 188 189 190 191 192 193 
	195 
	391 
	1335 
	1386 1387 
	1511 
	2240 
	2307 
	2330 2331 2332 
	2353 2354 
	2356 
	2362 
	2364 2365 2366 2367 
}


medieval_france = {
	63 
	87 88 89 90 
	167 168 169 170 171 172 173 174 175 176 177 178 179 180 
	183 184 
	186 
	190 191 192 
	194 195 196 
	199 200 
	203 
	357 
	391 
	1323 
	1335 
	1375 
	1381 
	1383 1384 1385 1386 1387 1388 
	2234 
	2239 2240 
	2307 
	2329 2330 2331 2332 
	2353 2354 
	2356 
	2361 2362 2363 
	2365 
	2550 
}


ToT_pacific = {
	506 
	513 
	650 
	652 653 654 
	656 657 658 
	773 
	777 
	822 
	1085 
	1087 
	1089 1090 1091 1092 1093 1094 
	1097 
	1101 
	1106 1107 1108 1109 
	1230 1231 1232 1233 1234 1235 1236 1237 1238 1239 1240 1241 1242 1243 1244 
	1246 
	1249 
	1341 
	2128 2129 2130 2131 2132 2133 
	2140 2141 2142 
	2146 
	2151 
	2164 
	2213 2214 2215 2216 2217 
	2585 
	2588 
	2590 
	2608 
	2610 
}


shaybanid_region = {
	436 
	440 
	442 
	444 
	454 455 456 457 458 459 
	476 477 
	2221 2222 2223 
	2232 
}


totonac_nation = {
	848 
	853 
	1474 
	1709 1710 
	2598 
	2643 2644 
}


uzbekistan = {
	436 
	440 
	442 
	444 
	454 455 456 457 458
	461	
	476 477 
	2221 2222 2223 
	2232 
}


family_two = {
	19 
	28 29 30 31 32 33 
	35 
	105 106 
	110 
	113 114 115 116 117 118 119 
	129 130 131 
	135 136 137 138 139 140 141 
	143 
	148 
	150 
	152 153 
	155 156 157 158 
	162 
	190 
	199 
	201 
	228 
	891 
	1261 1262 
	1267 1268 
	1270 1271 
	1273 
	1275 
	1282 
	1378 1379 1380 
	1392 
	1396 1397 1398 
	1401 
	1404 1405 
	1414 1415 
	1424 
	1426 1427 
	1450 
	2237 
	2275 
	2309 
	2327 
	2361 
	2373 2374 
	2376 
	2381 2382 
	2384 
	2388 2389 2390 2391 2392 
	2530 
	2563 2564 
	2571 
	2612 
}


haiti = {
	488 489 490 
	1536 1537 1538 
}


great_plains = {
	884 
	887 888 
	892 893 
	895 896 897 
	899 900 901 902 903 
	905 906 
	911 912 913 914 915 
	917 918 919 920 921 922 
	928 
	934 
	937 
	948 
	957 
	1418 1419 
	1455 
	1457 
	1460 1461 1462 
	1493 1494 
	1663 
	1697 
	2172 2173 2174 
	2195 
}


castille = {
	198 
	209 
	215 
	217 
	219 
	1409 
	2312 2313 
	2566 2567 
}


iberian_peninsula = {
	181 182 
	198 
	206 207 208 209 210 211 212 213 214 215 216 217 218 219 220 221 222 223 224 225 226 227 228 229 230 231 232 
	333 
	1284 
	1407 1408 1409 
	1420 1421 1422 1423 
	1508 
	2308 2309 2310 2311 2312 2313 2314 
	2358 
	2368 2369 
	2371 
	2565 2566 2567 
}


the_thirteen_colonies = {
	904 
	916 
	930 931 932 933 
	936 
	938 939 
	950 
	953 954 
	960 961 962 963 964 965 966 967 968 969 970 
	1451 1452 1453 
	1458 
	2175 2176 2177 2178 2179 
}


helvetia = {
	165 166 
	185 
	1254 
	1374 
	1389 
	1448 
	2334 
	2359 
	2611 
	2624 
}


ming_china = {
	663 664 665 666 667 668 669 670 671 672 673 674 675 676 677 678 679 680 681 682 683 684 685 686 687 688 689 690 691 692 693 694 695 696 697 698 699 700 701 702 703 704 705 706 707 708 709 710 711 712 
	722 
	724 
	1041 
	1046 
	1053 
	1068 
	2117 
	2119 
	2121 
	2246 2247 2248 2249 2250 2251 2252 
	2254 2255 2256 2257 
	2260 
	2268 2269 
	2272 
	2605 2606 2607 
	2613 
	2743 
}


skane_area = {
	6 
	18 
	26 
}


mercia = {
	237 
	239 240 
	243 
	247 
	1283 
}


malopolska = {
	258 259 260 
	262 
	1279 
	1433 
	2236 
	2535 2536 2537 
}


circuit_lower_rhine = {
	51 
	56 
	86 
	93 
	100 
	1253 
	2623 
}


emilia_romagna_region = {
	106 
	113 114 
	1346 
	1378 
}


laplata = {
	772 
	774 775 776 
	778 779 780 781 782 783 
	785 786 
	788 789 790 791 
	794 
	1095 
	1487 1488 
}


chile = {
	782 783 784 
	787 
	2070 
	2342 2343 
	2345 2346 2347 2348 2349 2350 2351 
}


euskal = {
	179 
	210 
	1381 
	1421 
	2550 
}


al_maghrib = {
	334 335 336 337 338 339 340 341 
	343 344 
	346 347 
	349 350 351 
	353 354 355 
	1110 
	1340 
	1500 
	1515 1516 
	1522 1523 
	1532 1533 1534 1535 
	1547 1548 
	1585 
	2315 
	2657 2658 2659 
	2662 2663 
}


central_europe = {
	36 37 38 39 40 41 42 43 
	133 
	135 
	153 
	158 159 160 161 162 
	254 255 256 257 258 259 260 261 262 263 
	271 272 273 274 275 276 
	280 
	283 284 
	289 
	296 297 
	299 
	311 
	381 
	1263 1264 1265 
	1267 
	1269 1270 1271 1272 1273 1274 1275 1276 
	1279 1280 1281 1282 
	1354 
	1391 
	1393 1394 1395 
	1398 
	1400 
	1404 1405 1406 
	1429 1430 
	1432 1433 
	1531 
	2236 
	2275 
	2355 
	2375 2376 2377 2378 2379 2380 
	2398 2399 2400 2401 
	2436 
	2535 2536 2537 
	2626 
}


ruthenia = {
	261 
	275 276 
	280 
	284 
	289 
	293 294 295 
	297 298 299 300 301 
	305 306 307 308 
	311 
	381 
	1281 
	1286 
	1288 1289 1290 
	1305 
	1393 1394 1395 
	1429 
	1431 
	1433 
	2535 
	2537 
	2545 2546 
	2580 
	2582 2583 
}


asian_trading_posts = {
	400 
	407 
	529 
	531 
	534 
	536 
	537 
	538 
	541 
	542 
	553 
	561 
	596 
	630 
	659 
	676 677 
	694 
	1013 
	1020 
	1154 
	1176 
	1180 
	1187 1188 
	1195 
	2108 
	2245 
	2336 2337 
	2352 
	2417 
	2672 
	2737 2738 
}


sweden = {
	1 2 3 4 5 6 7 8 9 10 11 
	18 
	25 26 
	891 
	1256 1257 1258 1259 1260 
}


sismic_areas = {
	101 102 103 104 105 106 107 108 109 110 111 
	113 114 115 116 117 118 119 120 121 122 123 124 125 126 127 
	129 130 131 
	136 137 138 139 140 
	142 143 144 145 146 147 148 149 
	151 
	154 155 156 
	163 164 
	179 
	181 
	196 197 
	200 201 202 203 204 205 
	211 212 213 214 
	219 220 221 222 223 224 225 226 227 
	316 317 318 319 320 321 322 323 324 325 326 327 328 329 330 331 332 333 334 335 336 337 338 339 340 341 
	343 344 
	346 347 
	349 350 351 
	353 354 
	364 
	377 378 379 
	382 
	387 
	390 
	392 
	405 
	407 
	410 411 412 413 414 
	416 417 418 419 420 
	422 423 
	426 
	432 433 
	436 
	444 445 446 447 448 449 450 451 452 453 454 
	457 458 459 460 
	463 
	482 483 484 485 486 487 488 489 490 491 492 
	494 495 
	497 498 499 500 501 502 
	505 506 
	508 509 510 511 
	513 
	521 522 523 
	551 
	554 
	557 
	562 
	564 565 566 
	570 571 
	574 575 576 577 578 
	591 592 593 594 595 596 597 598 599 
	617 618 619 620 621 622 623 624 625 626 627 628 629 630 631 632 633 634 635 636 637 638 639 640 641 642 643 644 645 646 647 648 649 650 651 652 653 654 655 656 657 658 659 
	664 665 666 
	673 674 675 676 677 678 679 680 681 
	692 693 694 695 696 697 698 699 
	705 706 
	708 
	710 711 
	714 
	716 
	724 
	729 730 731 732 733 734 735 736 737 738 739 
	773 
	777 
	781 782 783 784 785 
	787 
	792 793 
	795 796 797 798 799 
	804 805 806 807 808 809 810 811 812 813 814 815 816 817 818 819 820 
	822 823 824 
	826 827 
	829 
	831 832 
	834 835 836 837 838 839 840 841 842 843 844 845 846 847 848 849 850 851 852 
	854 855 856 857 
	859 860 861 862 
	864 865 866 867 868 869 870 871 872 873 874 875 876 877 878 879 880 881 882 
	907 
	972 973 974 975 976 977 978 979 
	1013 1014 1015 1016 1017 1018 1019 1020 1021 1022 1023 1024 1025 1026 1027 1028 1029 1030 1031 1032 1033 1034 1035 1036 1037 1038 1039 1040 1041 1042 
	1044 
	1046 1047 
	1049 1050 
	1053 
	1068 
	1084 1085 
	1087 
	1090 1091 1092 1093 1094 1095 
	1106 1107 1108 1109 
	1150 1151 
	1153 
	1182 
	1192 1193 
	1197 
	1206 1207 
	1218 
	1230 1231 1232 1233 1234 1235 1236 1237 1238 1239 1240 1241 1242 1243 1244 1245 1246 1247 
	1249 
	1268 
	1284 1285 
	1301 
	1313 1314 1315 1316 1317 1318 1319 1320 1321 1322 1323 1324 1325 1326 1327 1328 1329 
	1331 
	1333 1334 
	1340 1341 
	1345 1346 1347 1348 
	1355 
	1375 1376 1377 1378 1379 1380 
	1382 1383 
	1385 
	1390 
	1392 
	1396 1397 
	1399 
	1401 1402 1403 
	1407 1408 
	1413 1414 1415 
	1420 
	1424 1425 1426 
	1434 1435 1436 1437 1438 1439 1440 1441 1442 1443 1444 1445 1446 1447 
	1449 
	1466 1467 1468 1469 1470 1471 1472 1473 1474 1475 
	1477 
	1488 
	1491 
	1512 1513 
	1515 
	1522 1523 
	1532 1533 1534 1535 1536 1537 1538 1539 1540 
	1567 1568 1569 1570 
	1573 
	1577 1578 1579 
	1585 
	1642 
	1709 1710 1711 
	1733 1734 1735 
	1821 1822 1823 1824 
	2065 2066 2067 2068 2069 2070 
	2088 2089 2090 2091 2092 2093 2094 2095 2096 2097 2098 2099 2100 2101 2102 2103 2104 2105 2106 2107 2108 2109 2110 2111 2112 2113 2114 2115 2116 2117 2118 2119 2120 2121 2122 2123 2124 
	2128 2129 2130 2131 2132 2133 2134 2135 2136 2137 2138 2139 
	2151 
	2163 
	2165 2166 2167 
	2184 2185 2186 2187 2188 2189 2190 2191 2192 2193 2194 
	2199 2200 2201 2202 2203 2204 2205 2206 2207 2208 2209 
	2213 2214 2215 2216 2217 
	2219 2220 
	2224 2225 2226 2227 
	2230 2231 
	2233 
	2237 2238 
	2241 2242 
	2248 2249 2250 
	2255 2256 2257 2258 2259 2260 2261 2262 2263 2264 
	2268 2269 
	2272 
	2276 2277 2278 2279 2280 2281 2282 2283 2284 2285 2286 2287 2288 2289 2290 2291 2292 2293 2294 2295 2296 2297 2298 2299 2300 2301 2302 2303 2304 2305 
	2310 2311 
	2314 2315 
	2328 
	2335 
	2338 2339 2340 2341 2342 2343 2344 2345 2346 2347 2348 2349 2350 2351 
	2357 
	2361 
	2368 2369 
	2371 2372 2373 2374 
	2384 
	2387 2388 2389 
	2392 
	2402 2403 2404 2405 2406 2407 2408 2409 
	2411 2412 2413 2414 2415 2416 
	2420 
	2430 2431 2432 2433 2434 
	2530 2531 2532 2533 2534 
	2540 2541 2542 
	2551 2552 2553 
	2556 
	2559 
	2562 2563 2564 2565 
	2567 
	2571 2572 
	2574 2575 2576 2577 
	2581 
	2584 2585 2586 
	2588 2589 2590 2591 
	2593 2594 2595 2596 2597 2598 2599 2600 2601 2602 2603 2604 
	2606 2607 2608 2609 2610 2611 
	2625 
	2634 2635 2636 
	2639 2640 2641 2642 2643 2644 2645 2646 2647 2648 
	2654 2655 
	2662 2663 2664 
	2691 2692 
	2700 2701 
	2716 2717 2718 2719 2720 2721 2722 
	2724 
	2726 
	2735 2736 2737 2738 2739 2740 2741 2742 2743 2744 2745 2746 2747 2748 2749 2750 
}


colombia = {
	792 
	821 
	823 
	826 827 
	832 833 
	1475 1476 1477 1478 
	2065 
	2165 
}


kyushu_region = {
	1015 1016 1017 1018 1019 1020 
}


indian_ocean_islands = {
	420 421 
	572 573 574 
	1099 1100 1101 1102 1103 
	1185 1186 1187 1188 
	1226 1227 1228 
	1248 
	1518 1519 
	1521 
	1527 1528 
	2101 2102 2103 
	2336 2337 
}


ToT_east = {
	334 335 336 337 338 339 340 341 342 343 344 345 346 347 348 349 350 351 352 353 354 355 356 
	358 359 360 361 362 363 
	366 
	368 
	380 
	383 384 385 
	388 389 
	393 394 395 396 397 
	400 401 402 
	404 
	407 408 
	420 421 
	428 
	434 
	437 
	448 
	452 
	465 466 467 
	473 474 
	503 504 505 
	507 508 509 510 511 512 
	514 515 516 517 518 519 520 521 522 523 524 525 526 527 528 529 530 531 532 533 534 535 536 537 538 539 540 541 542 543 544 545 546 547 548 549 550 
	552 553 554 555 556 557 558 559 560 561 562 563 564 565 566 567 568 569 570 571 572 573 574 575 576 577 578 579 580 581 582 583 584 585 586 587 588 589 590 591 592 593 594 595 596 597 598 599 600 601 602 603 604 605 606 607 608 609 610 611 612 613 614 615 616 617 618 619 620 621 622 623 624 625 626 627 628 629 630 631 632 633 634 635 636 637 638 639 640 641 642 643 644 645 646 647 648 649 
	651 
	655 
	659 660 661 662 663 664 665 666 667 668 669 670 671 672 673 674 675 676 677 678 679 680 681 682 683 684 685 686 687 688 689 690 691 692 693 694 695 696 697 698 699 700 701 702 703 704 705 706 707 708 709 710 711 712 713 714 
	716 717 718 719 720 721 722 723 724 725 726 727 728 729 730 731 732 733 734 735 736 737 738 739 740 
	799 
	805 
	810 
	817 
	907 
	1012 1013 1014 1015 1016 1017 1018 1019 1020 1021 1022 1023 1024 1025 1026 1027 1028 1029 1030 1031 1032 1033 
	1041 1042 
	1046 
	1053 
	1068 
	1084 
	1086 
	1088 
	1096 
	1098 
	1100 
	1102 1103 
	1105 
	1110 1111 1112 1113 1114 1115 1116 1117 1118 1119 1120 1121 1122 1123 1124 1125 1126 1127 1128 1129 1130 1131 1132 1133 1134 1135 1136 1137 1138 1139 1140 1141 1142 1143 1144 1145 1146 1147 1148 1149 1150 1151 1152 1153 1154 1155 1156 1157 1158 1159 1160 1161 1162 1163 1164 1165 1166 1167 1168 1169 1170 1171 1172 1173 1174 1175 1176 1177 1178 1179 1180 1181 1182 1183 1184 1185 1186 1187 1188 1189 1190 1191 1192 1193 1194 1195 1196 1197 1198 1199 1200 1201 1202 1203 1204 1205 1206 1207 1208 1209 1210 1211 1212 1213 1214 1215 1216 1217 1218 1219 1220 1221 1222 1223 1224 1225 1226 1227 1228 1229 
	1234 
	1245 
	1248 
	1332 
	1338 1339 1340 
	1342 
	1492 
	1495 1496 1497 1498 1499 1500 1501 1502 1503 1504 1505 1506 1507 
	1515 1516 
	1518 1519 1520 1521 1522 1523 1524 1525 1526 1527 1528 
	1532 1533 1534 1535 
	1541 1542 1543 1544 1545 1546 1547 1548 1549 1550 1551 1552 1553 1554 1555 1556 1557 1558 1559 1560 1561 1562 1563 1564 1565 1566 1567 1568 1569 1570 1571 1572 1573 1574 1575 1576 1577 1578 1579 1580 1581 1582 1583 1584 1585 1586 1587 1588 
	1642 
	2088 2089 2090 2091 2092 2093 2094 2095 2096 2097 2098 2099 2100 2101 2102 2103 2104 2105 2106 2107 2108 2109 2110 2111 2112 2113 2114 2115 2116 2117 2118 2119 2120 2121 2122 2123 2124 2125 2126 2127 
	2134 2135 2136 2137 2138 2139 
	2143 2144 2145 
	2147 2148 2149 2150 
	2163 
	2210 2211 2212 
	2218 
	2226 
	2229 
	2233 
	2243 2244 2245 2246 2247 2248 2249 2250 2251 2252 2253 2254 2255 2256 2257 2258 2259 2260 2261 2262 2263 2264 2265 2266 2267 2268 2269 2270 2271 2272 2273 
	2276 2277 2278 2279 2280 2281 2282 2283 2284 2285 2286 2287 2288 2289 2290 2291 2292 2293 2294 2295 2296 2297 2298 2299 2300 2301 2302 2303 2304 2305 2306 
	2315 2316 2317 2318 2319 2320 2321 2322 2323 2324 2325 2326 
	2328 
	2336 2337 
	2352 
	2393 2394 2395 2396 2397 
	2417 2418 2419 2420 2421 2422 2423 2424 2425 2426 2427 2428 2429 2430 2431 2432 2433 2434 2435 
	2498 2499 
	2503 
	2538 2539 
	2543 2544 
	2554 2555 2556 2557 2558 
	2568 2569 2570 
	2584 2585 
	2605 2606 2607 
	2613 
	2627 2628 2629 2630 2631 2632 
	2649 2650 
	2653 
	2657 2658 2659 2660 2661 2662 2663 
	2665 2666 2667 2668 2669 2670 
	2672 2673 2674 2675 2676 2677 2678 2679 2680 2681 2682 2683 2684 2685 2686 2687 2688 2689 2690 2691 2692 2693 2694 2695 2696 
	2698 2699 2700 2701 2702 2703 2704 2705 2706 2707 2708 2709 2710 2711 2712 2713 2714 2715 2716 2717 2718 2719 2720 2721 2722 2723 
	2727 2728 2729 2730 2731 2732 2733 2734 2735 2736 2737 2738 2739 2740 2741 
	2745 2746 2747 2748 
	2751 
	2753 
	2758 2759 2760 2761 2762 2763 2764 2765 2766 2767 2768 2769 2770 2771 2772 2773 2774 2775 2776 2777 2778 2779 2780 2781 
	2786 2787 2788 2789 2790 2791 2792 2793 2794 
}


sibirkhan = {
	
}


cherokee_nation = {
	924 925 
	930 931 932 933 934 935 936 
	1453 
	2175 
}


maya_nation = {
	840 841 842 843 844 845 846 
	848 
	1472 
	1474 
	1709 
	2208 
	2411 2412 2413 2414 2415 
	2598 
	2603 
	2643 
	2646 2647 2648 
}


creek_nation = {
	922 923 
	926 927 
	929 
	931 
	1453 
	1456 
	1697 
	2173 2174 
	2181 
}


tohuku_region = {
	2295 2296 2297 2298 
}


east_baltic_coast = {
	34 
	36 37 38 39 40 41 42 43 
	48 
	1263 1264 1265 
	1354 
	1391 
	1430 
	1432 
	2355 
}


aynu_region = {
	1034 
	2299 2300 2301 2302 
	2744 
}


greece = {
	142 
	144 145 146 147 
	149 
	151 
	154 155 
	163 164 
	320 
	1399 
	1401 1402 
	1425 
	1434 1435 1436 
	2238 
	2372 
	2387 
	2572 
	2749 
}


wales = {
	241 242 
	1412 
}


northumbria = {
	244 245 246 
	409 
	427 
}


wastelands = {
	365 
	403 
	406 
	740 
	2333 
	2447 2448 2449 2450 2451 2452 2453 2454 2455 2456 2457 2458 2459 2460 2461 2462 2463 2464 2465 2466 2467 2468 2469 2470 2471 2472 2473 2474 2475 2476 2477 2478 2479 2480 2481 2482 2483 2484 2485 2486 2487 2488 2489 2490 2491 2492 2493 2494 2495 2496 2497 
	2500 2501 2502 
	2504 2505 2506 2507 2508 2509 2510 2511 2512 2513 2514 2515 2516 2517 2518 2519 2520 2521 2522 2523 2524 2525 2526 2527 2528 2529 
	2697 
}


new_zealand_region = {
	822 
	1106 1107 1108 1109 
	1246 
	1249 
	2610 
}


bohemia = {
	60 
	265 266 267 268 
	270 
	1277 
}


middle_east = {
	332 
	364 
	377 378 379 380 
	382 383 384 385 
	388 389 
	392 393 394 395 396 397 398 
	400 401 402 
	404 
	410 411 412 
	415 
	428 
	465 466 467 
	469 470 
	473 474 
	1099 
	1319 1320 
	1322 
	1324 
	1327 1328 1329 1330 1331 1332 
	1334 
	2224 
	2230 
	2538 2539 
	2559 
	2575 
	2634 2635 2636 
	2651 2652 2653 2654 2655 
	2665 
	2726 
}


veneto_region = {
	107 108 
	110 111 112 
	1348 
	1355 
}


ecuador = {
	793 
	795 796 797 
	824 
}


reclaimable_land = {
	96 97 98 99 102 200 201 243 852
	1371 1372 1471 2200 2306 2340 2341 
	2361 2370 2410 2668 2734
}


denmark = {
	6 
	12 13 14 15 
	18 
	26 
	67 
	1428 
	2754 2755 
}


brittany = {
	169 170 171 
	1388 
	2329 
}


andalusia = {
	222 223 224 225 226 227 
	1407 
	2310 2311 
	2314 
}


lombardy_region = {
	104 
	109 
	1345 
	1347 
	1390 
	2611 
	2624 
}


navajo_nation = {
	867 
	869 
	877 
	889 
	1823 
	2166 2167 
	2199 
}


asia_minor = {
	316 317 318 319 320 321 322 323 324 325 326 327 328 329 330 331 332 
	377 
	411 
	416 417 418 419 
	422 423 424 425 
	463 
	1300 1301 
	1315 1316 1317 1318 1319 1320 1321 
	1325 1326 
	1329 
	1333 
	1435 
	1437 1438 1439 1440 1441 1442 1443 1444 1445 1446 1447 
	1449 
	2219 
	2224 
	2230 
	2540 2541 2542 
	2549 
	2551 2552 2553 
	2559 
	2572 
	2574 
	2576 2577 2578 2579 
	2581 
	2654 2655 
	2664 
	2750 
}


cape = {
	1163 1164 1165 
	1581 1582 
}


caspian_region = {
	386 
	405 
	417 
	424 425 426 
	438 439 
	441 
	443 
	462 
	1081 
	1083 
	1293 
	1304 
	1309 1310 
	1312 
	1317 1318 
	2443 2444 
	2656 
}


coahuiltec_nation = {
	858 
	863 
	884 
	888 
	1418 
	1463 
}


sardinia_region = {
	127 
	1247 
	2241 2242 
}


innu_nation = {
	890 
	980 981 
	994 995 996 997 
	1000 
	1003 
	1009 
	2196 2197 2198 
}


west_african_coast = {
	342 
	345 
	1110 
	1114 
	1119 1120 
	1122 1123 
	1125 1126 1127 1128 1129 
	1131 
	1134 
	1139 1140 1141 
	1154 1155 
	1158 
	1499 
	1500 
	1504 1505 1506 
	1549 1550 
	1583 
	2218 
	2758 
	2767 2768 2769 
	2771 
	2779 
	2786 
	2790 
}


east_africa = {
	1100 
	1102 1103 
	1180 1181 
	1185 1186 1187 1188 1189 1190 1191 
	1193 1194 1195 1196 1197 1198 1199 1200 1201 1202 1203 1204 1205 1206 1207 
	1209 
	1215 1216 1217 1218 1219 
	1224 
	1226 1227 1228 
	1492 
	1507 
	1518 1519 
	1521 
	1527 1528 
	1564 1565 1566 1567 1568 1569 1570 1571 1572 1573 1574 1575 1576 1577 
	2352 
	2503 
	2660 
}


german_region = {
	43 44 45 46 47 48 49 50 51 52 53 54 55 56 57 58 59 60 61 
	64 65 66 
	69 70 71 72 73 74 75 76 77 78 79 80 81 82 83 84 85 86 
	94 
	100 
	134 
	187 188 189 
	264 
	1252 1253 
	1349 1350 1351 1352 1353 
	1356 1357 1358 
	1360 1361 1362 1363 1364 1365 1366 1367 1368 1369 1370 
	1373 
	1509 1510 
	2355 
	2383 
	2561 
	2614 2615 2616 2617 2618 2619 2620 2621 2622 2623 
	2625 
	2637 
	2756 2757 
}


russian_region = {
	34 
	261 
	274 
	276 277 278 279 280 281 282 
	285 286 287 288 289 290 291 292 293 294 295 
	297 298 299 300 301 302 303 304 305 306 307 308 309 310 311 312 313 314 315 
	381 
	1072 
	1080 
	1082 1083 
	1286 1287 1288 1289 1290 1291 1292 1293 1294 1295 1296 1297 1298 1299 
	1302 1303 1304 1305 1306 1307 1308 1309 1310 1311 1312 
	1343 1344 
	1431 
	2274 
	2437 2438 2439 2440 2441 
	2443 2444 
	2545 2546 2547 2548 
	2573 
	2580 
	2582 2583 
	2656 
}


la_plata_region = {
	770 771 772 
	774 775 776 
	778 779 780 781 
	785 786 
	788 789 790 791 
	794 
	800 
	1095 
	1486 1487 1488 
}


land_of_rus = {
	34 
	261 
	274 275 276 
	280 
	288 289 290 291 292 293 294 295 
	297 298 299 
	301 
	305 306 307 308 309 310 311 312 
	314 315 
	381 
	1281 
	1286 
	1288 1289 1290 1291 1292 
	1305 
	1393 1394 
	1429 
	1433 
	2537 
	2545 2546 
	2580 
	2582 2583 
}


shikoku_region = {
	1022 1023 1024 1025 
}


southern_europe = {
	62 
	68 
	73 
	101 102 103 104 105 106 107 108 109 110 111 112 113 114 115 116 117 118 119 120 121 122 123 124 125 126 127 128 129 130 131 
	136 137 138 139 140 141 142 143 144 145 146 147 148 149 150 151 152 
	154 155 156 157 
	163 164 165 166 
	174 175 176 
	179 
	181 182 
	185 
	194 
	196 197 198 199 200 201 202 203 204 205 206 207 208 209 210 211 212 213 214 215 216 217 218 219 220 221 222 223 224 225 226 227 228 229 230 231 232 
	333 
	357 
	367 
	1247 
	1254 
	1268 
	1284 1285 
	1323 
	1345 1346 1347 1348 
	1355 
	1374 1375 1376 1377 1378 1379 1380 1381 1382 1383 
	1385 
	1389 1390 
	1392 
	1396 1397 
	1399 
	1401 1402 1403 
	1407 1408 1409 
	1413 1414 1415 
	1420 1421 1422 1423 1424 1425 1426 1427 
	1434 
	1436 
	1448 
	1450 
	1508 
	1512 1513 
	2237 2238 
	2241 2242 
	2308 2309 2310 2311 2312 2313 2314 
	2334 2335 
	2357 2358 2359 
	2361 
	2368 2369 
	2371 2372 2373 2374 
	2381 2382 
	2384 2385 
	2387 2388 2389 2390 2391 2392 
	2530 2531 2532 2533 2534 
	2550 
	2562 2563 2564 2565 2566 2567 
	2571 
	2611 2612 
	2624 2625 
	2749 
}


dacia = {
	150 
	157 158 159 160 161 
	1269 
	1271 
	1398 
	1400 
	1405 
	1426 1427 
	2236 
	2275 
	2375 2376 2377 2378 2379 2380 2381 2382 
	2626 
}


british_isles = {
	233 234 235 236 237 238 239 240 241 242 243 244 245 246 247 248 249 250 251 252 253 
	369 
	372 373 374 375 376 
	399 
	409 
	427 
	1283 
	1410 1411 1412 
	1416 1417 
	1514 
	2386 
}


indian_coast = {
	503 
	507 
	515 
	529 
	531 532 533 534 535 536 537 538 
	542 
	553 
	560 561 
	563 
	568 
	572 573 
	2245 
	2336 2337 
	2568 2569 2570 
	2627 2628 2629 2630 
	2672 2673 
	2696 
	2711 2712 2713 
}


paraguay = {
	775 
	1486 
}


amazonia_forest = {
	742 
	744 745 746 747 748 749 750 751 752 753 754 755 756 757 758 759 760 761 762 763 764 765 766 767 768 769 
	775 
	800 801 802 803 
	808 
	814 815 
	818 
	821 
	825 
	828 
	833 
	1476 
	1478 1479 1480 
	1482 1483 1484 1485 1486 
	1490 
	2071 2072 2073 2074 2075 2076 2077 2078 2079 2080 2081 2082 2083 2084 2085 2086 2087 
	2752 
}


mexico = {
	845 846 847 848 849 850 851 852 853 854 855 856 857 858 859 860 861 862 863 864 865 866 867 868 869 
	871 872 
	876 877 878 879 880 881 882 883 884 885 886 887 888 
	896 897 
	1418 
	1461 
	1463 
	1466 1467 1468 1469 1470 1471 1472 
	1474 
	1709 1710 1711 
	1733 1734 1735 
	1821 1822 1823 1824 
	2166 2167 
	2199 2200 2201 2202 2203 2204 2205 2206 2207 
	2402 2403 2404 2405 2406 2407 2408 2409 2410 2411 2412 2413 2414 2415 
	2597 2598 2599 2600 2601 2602 2603 
	2638 2639 2640 2641 2642 2643 2644 2645 
	2647 2648 
}


kazankhan = {
	313 
	1295 
	1307 1308 
	1311 
	1343 
	2437 2438 
	2548 
}


miqmaq_nation = {
	890 
	971 
	982 983 984 985 986 
	1458 
	2182 2183 
}


mesoamerica = {
	481 482 483 484 485 486 487 488 489 490 491 492 493 494 495 496 497 498 499 500 501 502 
	834 835 836 837 838 839 840 841 842 843 844 845 846 847 848 849 850 851 852 853 854 855 856 857 858 859 860 861 862 863 864 865 866 
	877 
	879 880 881 882 883 
	885 
	1463 
	1466 1467 1468 1469 1470 1471 1472 1473 1474 
	1536 1537 1538 1539 1540 
	1709 1710 1711 
	1733 1734 
	2166 
	2200 2201 2202 2203 2204 2205 2206 2207 2208 2209 
	2402 2403 2404 2405 2406 2407 2408 2409 2410 2411 2412 2413 2414 2415 2416 
	2591 2592 2593 2594 2595 2596 2597 2598 2599 2600 2601 2602 2603 2604 
	2638 2639 2640 2641 2642 2643 2644 2645 2646 2647 2648 
}


northern_italy = {
	101 
	103 104 
	106 107 108 109 110 111 112 113 
	115 116 
	1345 1346 1347 1348 
	1376 1377 1378 
	1380 
	1390 
	1415 
	1513 
	2564 
	2624 
}


hopi_nation = {
	865 866 867 868 
	877 
	1466 
	1733 
}


circuit_franconian = {
	70 
	81 
	1360 
	1366 
	2618 
}


canada = {
	890 
	908 909 910 
	980 981 982 983 984 985 986 987 988 989 990 991 992 993 994 995 996 997 998 999 1000 1001 1002 1003 1004 1005 1006 1007 1008 1009 1010 1011 
	1489 
	1517 
	2159 2160 2161 2162 
	2168 2169 2170 
	2180 
	2182 2183 
	2196 2197 2198 
}


far_east = {
	663 664 665 666 667 668 669 670 671 672 673 674 675 676 677 678 679 680 681 682 683 684 685 686 687 688 689 690 691 692 693 694 695 696 697 698 699 700 701 702 703 704 705 706 707 708 709 710 711 712 713 
	717 718 719 720 721 722 723 724 725 726 727 728 729 730 731 732 733 734 735 736 737 
	1012 1013 1014 1015 1016 1017 1018 1019 1020 1021 1022 1023 1024 1025 1026 1027 1028 1029 1030 1031 1032 1033 
	1041 
	1046 1047 1048 1049 1050 
	1052 1053 
	1058 
	1068 
	2117 
	2121 
	2233 
	2246 2247 2248 2249 2250 2251 2252 2253 2254 2255 2256 2257 
	2260 
	2265 2266 2267 2268 
	2272 
	2276 2277 2278 2279 2280 2281 2282 2283 2284 2285 2286 2287 2288 2289 2290 2291 2292 2293 2294 2295 2296 2297 2298 2299 2300 2301 2302 2303 2304 2305 
	2328 
	2605 2606 2607 
	2613 
	2744 
}


astrakhan = {
	1083 
	1293 
	1296 
	1308 
	1310 
	1312 
	2443 2444 
}


circuit_swabian = {
	74 
	77 
	80 
	82 
	165 166 
	185 
	1254 
	1349 
	1358 
	1374 
	1389 
	1448 
	2334 
	2359 
	2611 
	2614 2615 
	2622 
	2624 
}


northern_europe = {
	1 2 3 4 5 6 7 8 9 10 11 12 13 14 15 16 17 18 19 20 21 22 23 24 25 26 27 28 29 30 31 32 33 
	35 
	67 
	233 234 235 236 237 238 239 240 241 242 243 244 245 246 247 248 249 250 251 252 253 
	369 370 371 372 373 374 375 376 
	399 
	409 
	427 
	891 
	1104 
	1250 1251 
	1255 1256 1257 1258 1259 1260 1261 1262 
	1266 
	1283 
	1410 1411 1412 
	1416 1417 
	1428 
	1514 
	2327 
	2386 
	2754 2755 
}


spanish_netherlands = {
	87 88 
	90 91 92 93 94 
	1511 
	2353 
	2360 
	2363 2364 
	2367 
}


caucasus_region = {
	422 423 424 425 
	1300 1301 1302 1303 
	1317 
	1449 
	2549 
	2576 2577 2578 2579 
	2656 
}


east_asian_cot = {
	596 
	630 
	676 677 
	1013 
	1017 
	1026 
	2279 
	2417 
}


khazakhstan = {
	471 472 
	475 479
	480 
	1070 1071 
	1076 1077 
	1080 
	1082 
	2442 
}


arabia = {
	380 
	383 384 385 
	388 389 
	393 394 395 396 397 
	400 401 402 404 
	428 
	465 466 467 
	469 470 
	473 474 
	1332 
	2538 2539 
	2651 2652 2653 
	2665 
}


eastern_europe = {
	34 
	261 
	274 275 276 277 278 279 280 281 282 
	284 285 286 287 288 289 290 291 292 293 294 295 
	297 298 299 300 301 302 303 304 305 306 307 308 309 310 311 312 313 314 315 
	381 
	1072 
	1082 1083 
	1286 1287 1288 1289 1290 1291 1292 1293 1294 1295 1296 1297 1298 1299 
	1302 1303 1304 1305 1306 1307 1308 1309 1310 1311 1312 
	1343 1344 
	1393 1394 
	1431 
	2274 
	2437 2438 2439 2440 2441 
	2443 2444 
	2545 2546 2547 2548 
	2573 
	2580 
	2582 2583 
	2656 
}


lotharingia = {
	51 
	85 
	91 92 93 94 95 
	187 188 189 
	1253 
	1362 1363 
	1368 
	1370 
	1511 
	2353 
	2364 
	2367 
	2623 
	2637 
}


circuit_bohemian = {
	60 
	265 266 267 268 269 270 
	1277 1278 
	1359 
	2561 
	2633 
}


florida = {
	926 927 
	929 
	1456 
}


persian_region = {
	386 387 
	390 
	405 
	413 414 
	416 417 
	426 
	429 430 431 432 433 
	435 
	445 446 447 
	463 464 
	468 
	551 
	1313 1314 1315 1316 1317 1318 
	1321 
	1445 
	2219 2220 
	2225 
	2227 2228 
	2235 
	2559 
	2577 
	2724 2725 
}


prussia = {
	40 41 42 43 
	1391 
	2355 
}


serbia = {
	138 
	140 141 
	156 
	1396 1397 
	2237 
	2612 
}


brazil_region = {
	742 
	745 746 747 748 749 750 751 752 753 754 755 756 757 758 759 760 761 762 763 764 765 766 767 768 769 770 771 772 
	776 
	828 
	1482 1483 1484 1485 1486 
	1490 
	2071 2072 2073 2074 2075 2076 2077 2078 2079 2080 2081 2082 2083 2084 2085 2086 2087 
	2752 
}


huron_nation = {
	987 988 989 990 
	992 993 994 
	1001 
	1009 
	1489 
	2196 
	2198 
}


north_america_region = {
	865 866 867 868 869 870 871 872 873 874 875 876 877 878 
	881 
	884 885 886 887 888 889 890 
	892 893 894 895 896 897 898 899 900 901 902 903 904 905 906 
	908 909 910 911 912 913 914 915 916 917 918 919 920 921 922 923 924 925 926 927 928 929 930 931 932 933 934 935 936 937 938 939 940 941 942 943 944 945 946 947 948 949 950 951 952 953 954 955 956 957 958 959 960 961 962 963 964 965 966 967 968 969 970 971 972 973 974 975 976 977 978 979 980 981 982 983 984 985 986 987 988 989 990 991 992 993 994 995 996 997 998 999 1000 1001 1002 1003 1004 1005 1006 1007 1008 1009 1010 1011 
	1336 1337 
	1418 1419 
	1451 1452 1453 1454 1455 1456 1457 1458 1459 1460 1461 1462 
	1464 1465 1466 
	1489 
	1493 1494 
	1517 
	1530 
	1663 
	1697 
	1733 
	1735 
	1821 1822 1823 1824 
	2159 2160 2161 2162 
	2166 2167 2168 2169 2170 2171 2172 2173 2174 2175 2176 2177 2178 2179 2180 2181 2182 2183 2184 2185 2186 2187 2188 2189 2190 2191 2192 2193 2194 2195 2196 2197 2198 2199 2671 
}

thai_plain = {
	600 601 602 603 612 2306 2321 2322 2323 2324 2420 2421 2422 2668 2670
}

lanna = {
	589 2322 2323 2324 2423 2424
}

burm_plain = {
	352 584 586 590 591 2425 2426 2427 2428 2429
}


malacca_peninsula = {
	592 593 594 595 596 597 598 599 2735 2736 2737 2738
}


lao_isan = {
	408 611 614 615 2319 2320 2424 2669 2729 2730 2731 2732 2753
}


suvarnabhumi = {			#modified
	600 601 602 603 612 2306 2321 2322 2323 2324 2420 2421 2422 2668 2670
	352 584 586 590 591 2425 2426 2427 2428 2429
	592 593 594 595 596 597 598 599 2735 2736 2737 2738
	408 611 614 615 616 2319 2320 2325 2424 2669 2729 2730 2731 2732 2753 
	407 420 574 579 589 2423 2727 2728		## 
	604 605 606 608 609 2417 2733 2734   		## khmer/champa
	581 582 583 587 588				## shan
}

shangri-la = {
	660 661 662 663 664 666 2250 2326 2739	
}

shan_tai = {
	581 582 583 587 588 2727			## no kachin, no kayah
}

zhuang_tai = {
	616 2325 662 670 671 672			## includes minorities in viet mountains
}

sumatra = {
	617 618 619 620 621 622 623 659 2093 2094 2095 2096 2097 2098 2099 2100 2101 2102 2103 
}

giava = {
	624 625 626 628 630 2104 2105 2106 2107 2108 2109 2110 2111
}

southern_australia = {
	817 1084 1086 1087 1088 1089 1090 1091 1342 2123 2124 2125 2126 2127 2128 2129 2130 2140 2141 2142 2143
}

barbary_coast = {
	337 338 340 341 350 351 353 354 1533 1534
}

viet = { 610 613 616 2393 2394 2395 2396 2418 2419 }

deserts = {		
	1160 1162							## Africa south
	355 1210 1212 1339 1524 1526 2658 2659 2660 2661 2666 	## Africa around Egypt
	349 1110 1115 1116 1147 1148 1500 1516 1543 1547 1548 		## Africa sub-sahara
	1200 								## Africa Somalia
	393 394 395 396 397 401 402 467 469 470 2538 2652		## Arabia
	432 438 441 442 447 456 551 2222				## Iran, central Asia
	717 718 2118 2119 2257 2268 2667 2741 2743 2745 2746 2747 	## mongol area
	2342 2343 2345							## andes
	810 1342 2139 2143 2144						## Australia
	2651								## arabia
}

barren = {
	62 68 166 185 199 2624					## Alps
	368 1375 1407 1420 2368					## Pyrenees + Madeira
	252 253 369 1250 1251 1417 				## scots area
	1088 2145 2146 2147 2148 2149 2150 2164			## Australia
	862 865 866 867 877 879 880 881 882 885 1466 1733 2166	## north Mexico
	1823 2167 2199						## far west USA
	715 719 1057 1061 2258 2269 2270 2273 			## mongol area
	383 404 465 1331 1332 2575 2634				## Arabia, middle east
	342 345 349 1099 1149 1199 1201 1203 1216 1221 1535 1545 1559 1566 2316	## Somalia + Sahaian africa
	2772 2773 2774 2775 2776
	1169 1172 1506 1583					## Africa s-w
	781 784 786 1095 2070					## Patagonia
	1012							## Japan
}

ethiopian_highlands = {
	1205 1206 1217 1567 1568 1569 1570 1576 1577 
}
tibetan_plateau = {
 	2120 2122 2259 2261 2262 2263 2264 2748	
}

arctic = {
	370 371 4 5 10 11 17 19 21 22 23 24 891 1104 1255 1260 1261 1266 2327 # Iceland, Scandinavia 
	33 35 277 278 279 281 288 314 315 1072 1294 1343 2440 2441 2548  	## Russia north
	727 1047 1049 1052 1058 2301 2302 2744					## Jurchen, Sakhalin
	2120 2122 2259 2261 2262 2263 2264 2748					## Tibet
	2609 782 783 785 1488							## patagonia 
	873 874 890 906 908 909 910 911 912 940 945 946 947 948 		## northern_America corrected
	957 968 969 970 971 972 973 974 975 976 977 978 979 
	980 981 982 983 984 985 986 987 988 989 990 991 992 993 994 995 996 997 998 999 
	1000 1001 1002 1003 1004 1005 1006 1007 1008 1009 1010 1011 
	1336 1337 1458 1489 1517 1530 
	2159 2160 2161 2162 2168 2169 2170 2171 2172 2179 2180 
	2182 2183 2186 2187 2188 2189 2190 2191 2192 2193 2194 2196 2197 2198 
	2671								##  end of N.America
}

siberia = {
	1034 1035 1036 1037 1038 1039 1040 1043 1044 1045 
	1051 1054 1055 1056 1059 1060 
	1062 1063 1064 1065 1066 1067 1069 1070 1071 
	1073 1074 1075 1077 1078 1079 
	1529 
	2152 2153 2154 2155 2156 2157 2158 
	2271 2442 2445 2446 
}

marshes  = {							# when the capital city is affected by
	36 37 274 563 838 926 1394 1455 2767
	586 600 604 609 652 2306 2426				## Asia
}

rainforest = {
	608 629 638 639 640 714 1234 1236 1237 1238 2089 2090 2092 2585 2588 2727 2733  ## Asia
	1113 1142 1144 1145 1146 1150 1151 1153 1562 2760 2761				   ## Africa
	750 815 818 821 824 828 833 837 1476 1484 2071 2072 2073 2074 2075 2076 2077 2078 2079 2080 2081 2082 2083 2084 2085 2086 2087 2752 ## Amazonia
}

small_island = {		## triggered after 20000 popul.
	9 369 1250 1251 1417 1514						## scots area + Aland
	142 164 320 1435 1436 2572 2358						## Greece + Menorca
	420 421 574 1012 1013 1014 1021 1101 1248 2276 2277 2278 2302 2435 2738	## Asia
	506 1230 1231 1232 1233 1235 1239 1241 1244 1246 1341 2065 2589 2610	## Oceania
	367 368 481 493 494 496 1098 2592 2192 2609				## Atlantic
}

silkroad = { 
	2740 453 451						# Kashgar-Vakhsh valley-Kabul
 	458 457						# Kashgar-Ferhana -Samarkand 
	2742							# Dzungarian gate-Dz.Basin-Turpan depression/oasis
	1293 1304 303 287 1298					# Astrakhan - Tana
	386 2220						#South Caspian corridor, eastern entrance
}

blue_horde_sphere = {
	282 285 286 287
	300 302 303 304 313
	1287 1293 1296 1297
	1304 1307 1308 1309 1310 1311 1312
	1431
	2437 2438 2439 2443 2444
	2545
}

white_horde_sphere = {
	471 472 475 479 480
	1070 1071 1076 1077
	1080 1081 1082 1083
	1306
	2221
	2442
}
